mark =[50,20,60,64,22,59,70,89,85]
print(mark)
[50, 20, 60, 64, 22, 59, 70, 89, 85]


import numpy
from scipy import stats
mark =[50,20,60,64,87,59,70,89,85]
numpy.mean(mark)
numpy.median(mark)
stats.mode(mark)

ModeResult(mode=array([20]), count=array([1]))

numpy.std(mark) // SD
20.53963347311428

numpy.var(mark) // varance 
421.8765432098765

numpy.percentile(mark,68) 
76.60000000000001

numpy.random.uniform(3,5,300)
array([4.33708194, 3.01951517, 4.24219804, 3.10705049, 4.18480712,
       4.38720437, 4.44211474, 3.67709617, 4.60243237, 4.75045258,
       4.24482694, 4.3399081 , 3.46622985, 3.74381857, 3.56892169,
       3.02554831, 4.42958892, 4.62213675, 3.08205952, 3.90431599,
       3.19719156, 3.08088113, 3.50984669, 4.46128258, 3.97925098,
       4.81608571, 4.30866819, 3.46464629, 3.05287439, 3.30485595,
       3.09531093, 4.15621497, 4.91963981, 4.18924622, 4.92772986,
       3.99344418, 3.73652397, 3.13950102, 4.67548524, 4.14516496,
       3.94686806, 3.14696771, 4.31051856, 3.01328808, 3.79492483,
       3.23976602, 3.30131433, 4.03097651, 3.13919597, 4.87842431,
       4.34370692, 3.35451158, 4.70104495, 3.31669866, 3.82928799,
       3.7083629 , 3.81869241, 4.8870973 , 4.35500021, 4.99864168,
       3.60952798, 3.10131746, 3.7663184 , 3.89298166, 4.07660412,
       4.88881153, 3.89849586, 4.65215648, 4.35689178, 3.26789815,
       4.1111718 , 3.88666207, 4.94295525, 3.68270239, 3.13861856,
       4.81651541, 3.20307292, 4.28633948, 3.74154008, 4.36769324,
       4.44100136, 4.39206904, 3.76568183, 3.61817455, 4.59429198,
       4.35138249, 3.95169038, 3.82440316, 4.20626203, 4.48158501,
       3.6697195 , 3.09233447, 3.13577302, 4.66419392, 4.52168595,
       4.18094146, 4.36320648, 4.95747254, 3.21324302, 4.82479659,
       4.27730284, 3.00804832, 3.00635194, 3.167106  , 4.56761525,
       3.20024871, 3.61388992, 4.79935128, 4.68778386, 4.61234703,
       3.53469303, 3.40841922, 3.56678198, 3.26609887, 4.14998812,
       4.8272799 , 4.35408316, 3.96547331, 4.60509279, 4.36545685,
       3.87368314, 4.03823852, 3.61856551, 3.45674916, 3.35537844,
       3.81860686, 3.71550138, 3.63075547, 3.6264649 , 4.37945501,
       4.93550265, 3.13600709, 3.47201376, 4.19533689, 3.3723957 ,
       4.13392061, 3.76222826, 3.75768226, 3.46274796, 4.05423044,
       3.91161166, 3.73309899, 3.41995147, 3.54461934, 4.89675973,
       3.31391687, 3.52689154, 4.69584618, 3.36294344, 3.46462863,
       4.29843067, 3.62431231, 4.86026878, 3.80573664, 3.96424783,
       4.05958099, 4.50852043, 3.18481625, 3.81338718, 4.28875521,
       3.2634424 , 4.78486314, 4.61732991, 3.05409996, 4.9942774 ,
       3.23686527, 3.93081058, 4.69052666, 4.89057663, 4.49036785,
       4.44137449, 3.83265916, 4.99720885, 3.88115479, 4.29872955,
       4.10993452, 4.21020913, 4.69006885, 4.39172267, 3.83600264,
       3.59168818, 4.33565097, 3.99813627, 3.86939173, 4.98929584,
       4.71890161, 3.43689749, 4.07456384, 4.82311716, 3.50242114,
       3.60173997, 3.29842544, 3.45503268, 4.43796728, 3.91286818,
       4.25613587, 4.92184402, 3.58770272, 4.16636416, 4.7685779 ,
       3.22210193, 4.27049838, 3.26402404, 4.3544614 , 3.04719692,
       4.70508705, 3.24731149, 3.57161364, 3.17069791, 3.309276  ,
       4.55498035, 4.17920721, 3.04041465, 4.40964511, 4.13789588,
       4.67558754, 4.75666462, 4.96032977, 3.95315147, 3.59952061,
       4.25037585, 4.09270433, 4.29405811, 4.93991842, 4.71361839,
       3.09981954, 3.04481486, 3.15458856, 4.65158195, 3.22074149,
       3.80768744, 4.99303388, 4.85313264, 4.2115764 , 4.14526379,
       4.24316712, 4.14991866, 4.77589868, 3.37665665, 3.38203222,
       3.02175188, 4.03725831, 3.14817107, 3.44937289, 3.24685219,
       4.40183919, 4.98830874, 3.90851843, 4.94312541, 3.70131364,
       4.71975402, 3.96488703, 3.21529962, 3.07522775, 4.31941607,
       3.83658245, 3.14555745, 4.35107555, 4.33711914, 4.61131067,
       3.00748897, 3.9843156 , 4.50095454, 3.69775541, 4.33141786,
       4.5136491 , 3.9264246 , 3.23985113, 3.52846665, 4.78783193,
       4.32660234, 4.2383458 , 3.2475146 , 3.51287254, 4.97359825,
       4.19503092, 3.88813523, 4.96086834, 4.43422268, 4.54927899,
       4.29743928, 4.81811836, 3.37135772, 3.61627824, 4.3657971 ,
       4.45826304, 3.14707782, 3.78456456, 3.28217213, 3.22898717,
       4.76223101, 4.14226429, 4.12720646, 3.78053409, 3.61349001,
       4.10285338, 4.74312458, 4.58962925, 3.46123357, 4.55055394])
import matplotlib.pyplot as plt
x=numpy.random.uniform(3,5,300)
plt.hist(x,8)
plt.show()
